631
661
597
767
475
530
395
787
310
062
474
318
155
054
011
444
197
986
553
627
887
211
328
523
741
792
716
948
675
596
795
795
862
402
437
158
155
247
970
699
069
973
465
538
318
237
111
293
750
464
049
821
344
835
380
080
721
676
230
031
686
219
466
230
554
601
555
752
636
731
332
479
388
046
345
931
075
677
368
067
730
528
622
139
421
421
750
714
950
022
534
186
354
170
957
165
337
852
366
733
548
932
032
438
675
382
955
040
385
226
027
096
043
602
471
654
980
138
263
240
705
692
050
811
126
533
801
432
895
919
261
167
637
505
242
555
143
520
785
403
820
496
077
947
507
841
291
950
077
074
346
552
995
579
034
054
059
391
874
845
918
935
032
786
709
369
689
280
027
081
305
639
860
368
922
230
662
058
487
496
632
898
096
236
439
833
179
183
550
429
126
097
683
046
361
542
389
781
758
309
256
052
716
012
475
558
346
932
315
808
457
462
038
517
038
674
913
234
589
249
104
564
318
567
694
801
260
341
897
979
760
116
538
758
509
678
934
974
523
297
915
970
140
993
082
656
341
722
232
586
899
157
153
192
811
322
576
730
768
674
561
598
420
859
302
311
333
591
572
222
913
153
646
964
465
429
281
431
413
652
459
764
432
538
945
806
779
765
977
961
027
586
797
726
328
139
024
398
128
673
460
423
322
421
237
844
277
054
537
418
311
531
474
559
264
564
163
933
630
702
563
690
443
049
757
886
000
297
890
581
654
235
439
823
130
960
749
996
952
084
865
360
955
192
999
708
279
554
544
819
644
539
249
631
173
659
076
943
128
794
268
867
898
835
288
965
591
814
925
258
100
639
035
853
165
847
061
714
910
459
835
994
338
795
026
622
004
881
087
037
856
486
840
283
104
071
874
711
699
506
037
494
437
803
662
384
276
026
727
103
588
555
507
687
297
994
989
571
508
782
813
823
510
373
431
327
013
788
655
192
601
353
475
021
526
222
310
085
038
986
570
730
480
806
700
825
693
589
950
003
787
072
132
926
487
434
920
187
422
889
764
439
482
630
869
486
089
229
029
773
103
914
591
349
596
118
329
645
783
805
773
137
760
877
881
510
859
765
793
929
169
282
391
378
392
165
363
245
681
989
162
043
878
256
765
330
226
971
124
193
139
539
071
542
238
636
834
379
388
620
615
036
708
792
181
569
031
710
572
936
678
603
114
552
940
164
268
253
532
017
766
369
326
281
368
924
455
945
518
869
066
568
379
080
133
606
761
991
130
579
499
875
425
352
170
345
262
255
276
793
226
619
997
071
368
736
947
879
106
377
170
645
425
808
606
303
692
052
717
333
567
095
782
080
807
802
184
521
280
370
957
818
357
012
863
024
829
804
586
653
869
918
211
575
389
155
144
546
491
746
400
970
397
641
735
356
680
568
421
423
598
717
622
293
664
031
689
358
058
907
970
663
694
659
797
747
885
273
350
308
851
856
228
381
975
143
590
163
449
469
094
365
983
672
713
425
037
961
684
138
377
888
918
282
658
506
946
955
696
899
305
869
741
502
938
014
255
287
899
852
630
268
165
724
896
993
980
508
688
587
097
695
258
935
553
063
511
503
878
678
452
317
513
737
627
568
845
283
662
580
933
400
903
022
106
940
688
132
091
720
863
447
085
686
341
985
924
706
576
230
942
978
130
597
137
429
530
215
963
809
520
887
613
700
911
763
460
662
664
618
155
893
599
432
953
095
720
657
727
076
088
679
431
928
565
693
972
128
365
085
215
354
994
851
790
195
849
155
487
504
439
772
130
218
091
311
039
567
310
386
510
627
906
266
023
530
927
770
404
547
333
126
607
435
192
058
096
726
566
407
024
298
740
918
570
516
014
493
333
293
105
708
381
281
810
945
204
466
100
185
060
761
722
950
902
325
954
689
135
032
875
706
998
857
118
351
890
409
741
876
535
755
093
452
816
068
350
737
432
157
942
220
777
401
876
636
300
579
226
455
211
765
309
707
499
680
554
589
261
156
819
889
661
443
550
249
454
541
401
135
884
328
874
207
289
585
008
435
125
873
815
023
440
205
731
111
985
200
539
119
044
405
470
655
541
122
503
253
038
245
652
585
215
239
680
180
461
197
846
478
821
028
044
121
156
329
473
180
401
862
900
696
612
397
080
791
195
256
030
370
647
716
148
941
811
696
901
708
361
339
824
795
702
952
852
496
453
573
175
424
127
827
173
835
950
932
299
556
986
670
869
149
223
621
674
588
740
755
238
718