006
628
138
222
832
629
727
138
121
273
590
719
116
854
741
503
007
041
897
361
933
532
295
235
746
254
027
758
152
207
150
300
010
197
117
643
916
095
335
681
672
144
665
926
167
740
902
995
054
585
352
523
313
426
549
988
750
223
718
585
945
595
877
697
855
182
633
431
262
152
638
006
587
087
808
386
937
813
080
607
078
598
897
636
055
692
426
413
934
480
969
925
395
418
111
875
078
864
494
450
487
838
960
418
769
064
282
809
854
836
248
869
738
160
005
307
806
773
556
858
041
249
382
163
636
132
888
719
598
140
106
941
029
686
770
249
032
105
416
277
552
008
308
844
465
862
599
352
707
347
008
113
924
171
789
277
376
300
982
002
246
462
201
957
201
736
076
919
506
759
759
102
583
372
194
393
365
996
149
034
296
115
888
589
519
916
110
794
699
674
661
988
653
498
902
250
311
925
364
619
229
671
070
658
027
871
209
864
268
713
969
243
412
022
388
678
970
060
299
060
452
784
048
175
368
784
758
054
044
399
674
100
693
080
469
200
641
076
641
639
387
407
905
632
944
996
323
206
724
964
511
578
339
457
815
189
296
317
758
605
332
677
806
169
418
531
326
822
105
820
732
382
203
935
989
179
216
193
040
741
356
775
474
612
674
778
644
981
973
701
377
456
185
441
784
170
895
715
847
807
205
849
130
709
712
335
854
551
623
209
836
802
536
652
473
270
569
536
680
645
669
655
709
922
437
473
940
035
303
980
767
970
275
148
900
284
352
501
312
493
894
229
328
881
563
663
269
420
915
244
332
966
242
906
943
189
389
750
478
933
885
558
275
970
323
909
918
139
217
648
359
372
078
633
850
715
664
467
073
002
279
337
155
565
295
751
784
869
382
365
595
369
441
827
601
912
178
792
090
771
094
512
829
029
974
508
359
359
570
272
384
454
735
601
136
165
026
505
399
095
370
952
210
646
263
895
851
976
191
652
223
482
570
733
758
246
434
638
702
571
324
603
092
708
323
849
191
086
215
967
143
749
370
061
919
989
247
999
695
512
786
118
287
593
009
792
583
673
744
217
361
612
527
774
802
625
556
222
247
154
338
400
109
822
835
541
672
518
152
508
074
149
743
925
177
539
914
983
646
442
670
172
434
792
709
070
080
532
928
764
373
886
785
030
984
218
007
177
935
216
268
263
587
650
226
578
686
847
821
616
427
078
473
634
686
937
989
185
364
793
079
882
642
561
544
815
695
517
918
433
575
688
289
342
663
768
458
290
633
124
738
811
020
910
965
708
462
203
738
235
220
152
669
684
563
977
237
601
357
919
792
040
703
207
727
394
658
176
159
414
806
562
714
817
234
270
695
166
315
444
357
357
050
567
253
977
237
053
745
166
699
907
293
883
341
442
966
226
783
303
041
155
270
606
747
815
661
824
541
119
971
990
184
403
883
004
499
507
356
757
393
545
884
141
213
325
816
662
416
893
961
759
759
433
186
364
731
392
538
421
571
225
205
983
760
036
711
622
982
608
442
841
497
917
231
197
306
800
371
654
397
927
148
351
179
682
323
321
956
088
902
437
508
361
621
016
707
675
012
346
706
161
147
355
735
872
665
527
661
835
245
681
118
395
054
463
370
140
423
949
249
741
145
430
824
333
398
085
370
779
131
168
019
128
020
860
664
953
059
345
127
509
637
733
440
987
307
680
176
625
521
751
015
446
597
580
755
565
185
433
193
815
158
190
183
554
707
580
251
292
692
631
356
132
999
729
170
350
980
546
249
502
104
944
019
828
742
185
263
806
903
956
916
184
173
953
424
352
356
594
295
941
819
096
477
439
461
765
253
737
681
383
055
544
330
821
813
811
151
124
129
991
846
887
533
556
690
818
138
659
307
195
976
262
294
018
921
863
023
271
334
961
960
833
195
454
918
436
797
389
029
236
243
013
641
948
889
920
793
445
225
063
350
431
369
531
856
520
387
276
512
393
075
568
030
965
871
462
922
093
789
548
644
314
943
464
634
349
057
017
569
275
093
671
195
548
266
714
842
390
934
012
402
755
349
448
897
959
212
005
097
320
884
967
857
877
286
481
500
404
707
374
028
830
410
450
885
836
744
455
214
616
095
045
095
719
856
211
429
510
618
359
026
007
871
173
656
658
319
100
089
037
827
725
687
240
685
497
009
966
915
381
913
112
354
642
062
764
536
466
814
026
846
450
014
244
110
747
206
514
805
611
427
463
788
446
463
513
295
340
145
933
265
182
614
768
277
219
946
105